322.045903225806 1024 3644646451 3998379238 200 56
643.509857142857 1025 3998379238 5093225726 202 59
785.285774193548 1028 5093225726 5896266534 482 200
810.8132 1030 5896266534 5896477501 794 188
709.144935483871 1030 5896477501 5894652562 692 482
400.573266666667 1030 5894652562 5889250603 389 794
209.112838709677 1030 5889250603 5863740439 201 692
155.613161290323 1030 5863740439 5691001395 200 376
113.363733333333 1029 5691001395 5403532605 200 207
89.1516451612903 1028 5403532605 5038550150 200 200
132.6879 1028 5038550150 4846521444 200 200
183.475935483871 1028 4846521444 4823161712 200 200
219.466193548387 1028 4823161712 4901354471 202 193
529.413142857143 1028 4901354471 5722400985 202 221
573.648451612903 1029 5722400985 5892508504 507 202
434.0214 1030 5892508504 5889794006 418 188
242.016225806452 1030 5889794006 5886367093 225 507
141.2042 1030 5886367093 5699079650 200 418
112.736064516129 1029 5699079650 5420864831 200 225
95.8503870967742 1028 5420864831 5091613660 200 193
70.4100666666667 1028 5091613660 4696254425 200 206
51.7662903225806 1027 4696254425 4236191346 200 200
33.0551333333333 1026 4236191346 3788050330 200 200
89.5234193548387 1024 3788050330 3509489425 200 200
197.699193548387 1023 3509489425 3523157523 202 193
483.033035714286 1023 3523157523 4224690275 203 221
883.652032258065 1026 4224690275 5740752871 315 202
711.757666666667 1029 5740752871 5894725646 635 189
355.195741935484 1030 5894725646 5888377254 339 315
161.613233333333 1030 5888377254 5752453423 200 635
116.846161290323 1029 5752453423 5484830178 200 339
91.6212580645161 1029 5484830178 5144027755 200 193
67.8172333333333 1028 5144027755 4741718795 200 206
48.4465161290323 1027 4741718795 4272368774 200 200
51.3012333333333 1026 4272368774 3871365119 200 200
84.7457096774193 1025 3871365119 3580264296 200 200
209.807322580645 1024 3580264296 3624300684 203 193
689.364428571429 1024 3624300684 4824017088 204 221
568.289064516129 1028 4824017088 5495290620 315 203
576.527233333333 1029 5495290620 5892312292 406 190
381.711483870968 1030 5892312292 5888854642 365 315
185.7957 1030 5888854642 5814769810 200 406
126.033225806452 1030 5814769810 5571189873 200 365
97.3777741935484 1029 5571189873 5245371034 200 193
66.5694 1028 5245371034 4839388216 200 206
46.5674838709677 1028 4839388216 4364132175 200 200
36.6345333333333 1026 4364132175 3924923930 200 200
71.4001612903226 1025 3924923930 3598192048 200 200
217.974064516129 1024 3598192048 3672294141 200 193
492.893857142857 1024 3672294141 4403209613 201 221
366.69335483871 1026 4403209613 4535027249 315 200
391.213866666667 1027 4535027249 4992678002 200 187
225.662064516129 1028 4992678002 5019081165 200 315
133.237333333333 1028 5019081165 4814492342 200 200
85.2490967741936 1028 4814492342 4466287697 200 200
63.7061290322581 1027 4466287697 4056255010 200 193
44.3738666666667 1025 4056255010 3602087215 200 206
29.2655161290322 1024 3602087215 3095033012 200 200
19.9402333333333 1021 3095033012 2616965125 200 200
45.8698387096774 1019 2616965125 2216370158 200 200
275.221193548387 1017 2216370158 2435724273 200 193
551.286071428571 1018 2435724273 3301391352 201 221
549.275483870968 1022 3301391352 3923197416 315 200
453.0279 1025 3923197416 4543867791 200 187
251.113419354839 1027 4543867791 4640191755 200 315
131.736766666667 1027 4640191755 4433072481 200 200
91.9488709677419 1027 4433072481 4105062815 200 200
70.1550967741935 1025 4105062815 3712196392 201 193
52.898 1024 3712196392 3281473503 201 206
38.8994516129032 1021 3281473503 2804772656 200 201
44.6923333333333 1019 2804772656 2391544563 200 201
68.3542258064516 1018 2391544563 2050443365 200 200
118.701903225806 1016 2050443365 1842961265 202 193
163.442892857143 1015 1842961265 1762913990 202 221
127.196838709677 1014 1762913990 1548714404 206 202
175.352066666667 1013 1548714404 1458337867 204 188
101.320064516129 1012 1458337867 1169965792 203 206
58.3389666666667 1010 1169965792 782480598 204 204
41.7728709677419 1006 782480598 682541770 75 203
32.6314516129032 1005 682541770 650457336 40 197
21.9208 1005 650457336 589041222 40 77
10.8536774193548 1005 589041222 495523162 40 40
17.3578 1004 495523162 432983857 40 40
37.3014516129032 1003 432983857 430267957 40 40
201.538193548387 1003 430267957 690976611 107 38
659.617321428572 1005 690976611 1801068452 205 44
1080.25241935484 1014 1801068452 3846144012 315 107
895.072966666667 1025 3846144012 5607794783 201 191
543.825258064516 1029 5607794783 5891723547 420 315
224.001266666667 1030 5891723547 5886119009 212 201
134.021806451613 1030 5886119009 5663193551 200 420
96.0624516129032 1029 5663193551 5333325354 200 205
65.9179666666667 1028 5333325354 4925270222 200 206
43.6194838709677 1028 4925270222 4436109478 202 200
40.2008 1027 4436109478 4000770096 202 200
70.7292258064516 1025 4000770096 3669796850 201 202
406.292612903226 1024 3669796850 4236406724 205 195
701.2355 1026 4236406724 5464579679 205 222
673.144322580645 1029 5464579679 5894277459 509 205
359.758866666667 1030 5894277459 5888476938 345 191
152.153709677419 1030 5888476938 5712466984 200 509
92.4419333333333 1029 5712466984 5400320227 200 345
72.9201935483871 1028 5400320227 5016986154 200 200
58.5487096774193 1028 5016986154 4589572652 200 193
40.2354333333333 1027 4589572652 4114867065 202 206
26.094 1025 4114867065 3586743647 202 200
21.0259 1024 3586743647 3104579759 202 202
37.604064516129 1021 3104579759 2680683729 201 202
87.1814838709678 1019 2680683729 2389402708 203 195
229.777357142857 1018 2389402708 2468166959 204 222
322.139225806452 1018 2468166959 2483141293 315 203
279.0302 1018 2483141293 2664647245 200 190
121.557580645161 1019 2664647245 2429241770 200 315
60.7111 1018 2429241770 2050844267 200 200
41.6522903225807 1016 2050844267 1606706382 200 200
34.2437741935484 1013 1606706382 1143458572 200 193
21.3034 1010 1143458572 683787095 191 206
9.73222580645161 1005 683787095 586289862 40 200
7.27173333333333 1005 586289862 497392660 40 191
42.6832903225806 1004 497392660 509329631 40 40
163.609451612903 1004 509329631 687704123 99 38
305.377071428571 1005 687704123 948658977 200 44
515.583290322581 1008 948658977 1483365391 315 99
448.1112 1012 1483365391 2108350410 200 186
271.508322580645 1016 2108350410 2277118250 200 315
125.965266666667 1017 2277118250 2068272062 200 200
80.5058064516129 1016 2068272062 1727717841 200 200
56.4302903225807 1014 1727717841 1322464351 200 193
35.7994333333333 1011 1322464351 876650534 200 206
17.4331290322581 1007 876650534 638760017 99 200
11.4152333333333 1005 638760017 560442954 40 200
42.3448387096774 1004 560442954 571681644 40 99
282.83335483871 1004 571681644 878090733 171 38
526.084607142857 1007 878090733 1675005217 201 44
441.858967741935 1014 1675005217 2011431481 315 171
449.691966666667 1016 2011431481 2636887119 200 187
165.603064516129 1019 2636887119 2519269906 200 315
75.6662 1018 2519269906 2179003517 200 200
51.8997096774194 1016 2179003517 1761296919 200 200
37.5056129032258 1014 1761296919 1305285723 200 193
24.2406666666667 1011 1305285723 829885903 200 206
13.5417096774194 1007 829885903 623354939 84 200
8.4959 1005 623354939 537523964 40 200
67.8139677419355 1004 537523964 617016022 40 84
315.535870967742 1005 617016022 976841448 184 38
519.093035714286 1008 976841448 1754905848 202 44
637.365612903226 1014 1754905848 2614551356 315 184
611.278466666667 1019 2614551356 3650836222 201 188
372.049967741935 1024 3650836222 4075594550 200 315
150.201533333333 1025 4075594550 3918831183 200 201
104.528032258065 1025 3918831183 3624956455 201 200
77.6274193548387 1024 3624956455 3253992190 202 193
50.0950666666667 1021 3253992190 2814710610 204 207
29.337064516129 1020 2814710610 2312049653 202 202
19.3250666666667 1017 2312049653 1832057459 201 204
87.2251290322581 1014 1832057459 1536822949 201 202
407.438 1013 1536822949 2099336396 203 194
586.189178571429 1016 2099336396 3038413121 205 222
795.484806451613 1020 3038413121 4319637606 315 203
813.061033333333 1026 4319637606 5869586966 200 191
480.128290322581 1030 5869586966 5890595308 454 315
215.483233333333 1030 5890595308 5885967022 203 200
136.859709677419 1030 5885967022 5670669475 200 454
104.647935483871 1029 5670669475 5363681175 200 196
75.7020333333333 1028 5363681175 4978210547 201 206
48.0892258064516 1028 4978210547 4500565179 202 200
36.4143333333333 1027 4500565179 4055258620 202 201
69.0377096774194 1025 4055258620 3717238236 202 202
126.959258064516 1024 3717238236 3534126393 205 195
263.442714285714 1023 3534126393 3700925645 204 223
781.20964516129 1024 3700925645 4943145476 315 205
445.711633333333 1028 4943145476 5540528844 200 190
237.183193548387 1029 5540528844 5595603224 200 315
119.766933333333 1029 5595603224 5354664871 200 200
82.0065806451613 1028 5354664871 4993097827 201 200
62.4445161290323 1028 4993097827 4568195934 203 193
43.3131 1027 4568195934 4101617760 202 207
21.053935483871 1025 4101617760 3562860023 201 203
18.0287666666667 1024 3562860023 3075639238 201 202
118.982064516129 1021 3075639238 2872666040 200 201
505.424516129032 1020 2872666040 3708573987 202 194
1142.19889285714 1024 3708573987 5902877256 246 221
1384.0545483871 1030 5902877256 5906889698 1379 202
1029.1991 1030 5906889698 5900348266 1015 229
628.869709677419 1030 5900348266 5893236408 613 1379
285.549833333333 1030 5893236408 5887206222 274 1015
175.252548387097 1030 5887206222 5773625057 200 613
131.746967741936 1030 5773625057 5538110810 200 265
92.7500666666667 1029 5538110810 5198480078 200 206
57.665 1028 5198480078 4750380439 200 200
69.6110666666667 1028 4750380439 4392963264 201 200
104.426483870968 1026 4392963264 4153616516 201 200
223.112225806452 1026 4153616516 4236096727 203 194
463.748178571429 1026 4236096727 4893802965 203 222
440.777451612903 1028 4893802965 5223602883 315 203
328.4019 1028 5223602883 5511373812 202 189
189.986838709677 1029 5511373812 5435294182 202 315
115.086433333333 1028 5435294182 5180152206 201 202
88.146 1028 5180152206 4830198064 203 202
67.9768064516129 1028 4830198064 4420999001 203 194
48.0371333333333 1026 4420999001 3967890502 202 209
31.1604516129032 1025 3967890502 3454851909 202 203
37.0707333333333 1023 3454851909 3014784799 202 202
54.1066451612903 1020 3014784799 2634856388 201 202
213.558516129032 1019 2634856388 2679924203 204 195
303.007357142857 1019 2679924203 2930092667 207 222
518.175774193549 1020 2930092667 3469296104 315 204
636.139866666666 1023 3469296104 4560693960 202 193
413.18735483871 1027 4560693960 5084679419 202 315
183.440366666667 1028 5084679419 5009912134 200 202
115.014935483871 1028 5009912134 4735016661 202 202
85.7002580645161 1027 4735016661 4365759113 206 193
59.9293 1026 4365759113 3938661372 204 208
36.361064516129 1025 3938661372 3434500869 204 206
32.9351666666667 1023 3434500869 2983814726 202 204
61.8636129032258 1020 2983814726 2621910060 202 204
224.013225806452 1019 2621910060 2694984227 204 195
331.442714285714 1019 2694984227 3011746232 208 223
585.414741935484 1020 3011746232 3730741315 315 204
530.715533333333 1024 3730741315 4550720328 201 194
342.166096774194 1027 4550720328 4887554325 201 315
164.600666666667 1028 4887554325 4764471686 200 201
106.053258064516 1028 4764471686 4464094983 203 201
79.5767096774194 1027 4464094983 4077751839 207 193
53.0012666666667 1025 4077751839 3632751740 205 209
36.3235483870968 1024 3632751740 3133304004 204 207
27.9102 1021 3133304004 2667992842 203 205
66.388064516129 1019 2667992842 2319937912 201 204
216.662483870968 1017 2319937912 2366495262 206 196
338.498142857143 1017 2366495262 2703854151 206 222
316.20564516129 1019 2703854151 2702712065 315 206
245.134933333333 1019 2702712065 2787658340 203 192
123.089064516129 1019 2787658340 2550277836 202 315
69.729 1018 2550277836 2189330135 202 203
52.2432580645161 1016 2189330135 1764457302 203 202
40.308935483871 1014 1764457302 1310558627 202 195
26.5055666666667 1011 1310558627 838356500 201 209
20.3899032258065 1007 838356500 638536953 88 202
16.3810333333333 1005 638536953 573074116 40 201
66.2608064516129 1004 573074116 648517545 40 88
