466.56451609000004 477 123874072258 122263225522 1132
660.65 476 122263225522 121717267007 962
952.15483866 476 121717267007 121704576086 918
1659.9866663 476 121704576086 122930349287 1020
2699.1419352 477 122930349287 125969694993 1364
1575.67 477 125969694993 125525902502 1558
719.32258067 477 125525902502 123339926289 1345
439.62580648 477 123339926289 121240753322 1005
329.39333337 476 121240753322 119558202126 700
296.58064514 476 119558202126 118311728508 463
423.20333337 476 118311728508 118010505465 340
647.4677419 475 118010505465 118814464995 385
824.24193553 476 118814464995 119773627723 528
989.3142857299999 476 119773627723 120701368625 681
1362.1709675999998 476 120701368625 121944823021 859
2147.7633336999997 476 121944823021 124129288291 1137
1841.0354837999998 477 124129288291 124868283305 1364
1190.78 477 124868283305 123974588759 1347
602.82903229 477 123974588759 122073563312 1123
435.22580648 476 122073563312 120415581454 837
330.41999999999996 476 120415581454 119022204414 590
270.25161285 476 119022204414 117910104891 387
258.38666663000004 475 117910104891 117397928782 257
386.09354837999996 475 117397928782 117848125523 255
505.59677418999996 475 117848125523 118453597933 342
773.675 476 118453597933 119378027307 466
1221.7258067 476 119378027307 120784845385 658
1835.29 476 120784845385 122701941281 929
2337.2064514000003 476 122701941281 125026335033 1269
1562.3966663 477 125026335033 124873493418 1433
744.0903225699999 477 124873493418 122968602672 1265
447.57419352 477 122968602672 121018511416 957
336.36 476 121018511416 119428107881 671
266.34838715 476 119428107881 118162241767 440
286.91333337000003 475 118162241767 117623228339 296
433.71290324 475 117623228339 118097673778 294
635.39677419 475 118097673778 118898181253 399
1031.23214281 476 118898181253 120196079217 569
2826.0580648 476 120196079217 124821658280 1060
3411.81 477 124821658280 129064618348 1604
3811.2419351999997 478 129064618348 134319838363 1642
2567.3199999999997 479 134319838363 136152324876 1663
1281.1032257000002 479 136152324876 134625676101 1651
606.22258067 479 134625676101 131121238426 1685
405.55 478 131121238426 127126825592 1656
312.3 477 127126825592 123249598874 1451
287.24333336999996 477 123249598874 120944313464 973
291.20967743 476 120944313464 119929913591 708
511.45161285000006 476 119929913591 119810640989 619
812.6857142700001 476 119810640989 120370813692 656
939.59354838 476 120370813692 120809079782 737
1083.84333337 476 120809079782 121120627533 798
1108.3645162 476 121120627533 121314642489 838
1088.40666663 476 121314642489 121420110391 862
577.67096771 476 121420110391 120371388348 782
387.67741933 476 120371388348 119216932329 603
280.07666663000003 476 119216932329 118134115426 421
238.67096770999999 475 118134115426 117270463461 264
227.76999999999998 475 117270463461 116915524740 167
312.14516134 475 116915524740 117374938334 178
525.89354838 475 117374938334 118192395694 283
871.45714281 475 118192395694 119398889404 447
1979.5193553 476 119398889404 122452770158 800
2226.3033337 476 122452770158 124631939173 1217
1878.1870972000002 477 124631939173 125277449606 1436
1151.0333337 477 125277449606 124160373862 1394
505.3548386599999 477 124160373862 121981238441 1130
352.8677419 476 121981238441 120176612944 809
267.83000000000004 476 120176612944 118733790390 547
209.46774190000002 476 118733790390 117592257216 338
264.43666663 475 117592257216 117203581520 216
444.07419352 475 117203581520 117849287052 240
618.75483866 475 117849287052 118701535999 363
766.28928573 476 118701535999 119530006686 498
944.56129028 476 119530006686 120277598838 627
1028.55 476 120277598838 120656097769 717
978.8838709500001 476 120656097769 120733179467 753
672.42333337 476 120733179467 120156359442 711
416.71612905 476 120156359442 119206957987 585
309.08064514 476 119206957987 118296703468 434
232.99666663 476 118296703468 117434409716 290
172.38709676 475 117434409716 116676447208 159
204.45 475 116676447208 116477924365 83
282.94193553 475 116477924365 117028689722 114
440.87419352 475 117028689722 117782778335 221
697.30357146 475 117782778335 118772063218 363
1152.1419352 476 118772063218 120241902349 565
2360.3566663 476 120241902349 123464474445 950
3241.9032257 477 123464474445 127635856997 1483
1782.5066662999998 478 127635856997 127643526868 1589
751.89677419 478 127643526868 124945974032 1567
392.64516134 477 124945974032 122178499021 1206
267.90333337 476 122178499021 120038985094 814
205.84838715 476 120038985094 118423013104 510
202.87333337 476 118423013104 117614779749 316
337.94193553 475 117614779749 117882762933 275
511.38064513999996 475 117882762933 118488637336 347
869.33571427 476 118488637336 119594066004 487
1424.8 476 119594066004 121367462821 724
1924.4266662999999 476 121367462821 123272848745 1022
1216.6612905 477 123272848745 122939709562 1142
515.56333337 477 122939709562 121263587941 976
339.29032257 476 121263587941 119750817542 717
271.14838714999996 476 119750817542 118563673597 499
204.21333337 476 118563673597 117547279847 321
153.72258067 475 117547279847 116708446477 171
159.42333337000002 475 116708446477 116403299765 80
225.35161284999998 475 116403299765 116854526014 94
349.11290324 475 116854526014 117469761931 181
486.26071427 475 117469761931 118136478566 285
728.53548391 475 118136478566 118907282919 402
1309.1966663 476 118907282919 120358282705 585
1172.8387095 476 120358282705 120964590536 749
483.84666663 476 120964590536 119906886668 708
297.6322581 476 119906886668 118786800783 530
227.85806447 476 118786800783 117849341168 364
164.28333337 475 117849341168 116996695607 219
117.03225809999999 475 116996695607 116274605085 91
128.14666663 475 116274605085 116053857951 16
234.11612905 475 116053857951 116648163961 49
372.49677419 475 116648163961 117387683337 158
511.6 475 117387683337 118132250044 278
659.51935486 475 118132250044 118753928071 389
856.1066666300001 476 118753928071 119294728739 483
950.85161285 476 119294728739 119796192667 568
518.09333337 476 119796192667 119217111289 558
313.63548391 476 119217111289 118377766166 442
236.72903229000002 476 118377766166 117605518859 311
170.18666663000002 475 117605518859 116850024968 187
119.80000000000001 475 116850024968 116186461397 72
126.45999999999998 475 116186461397 115987568641 6
217.72258067 475 115987568641 116568251894 38
402.33870972 475 116568251894 117401237415 153
732.26785719 475 117401237415 118585348280 317
954.14193553 476 118585348280 119689482909 503
1351.0700000000002 476 119689482909 120957714948 696
1593.1806447000001 476 120957714948 122267169200 906
1184.9866663 476 122267169200 122247021895 1007
498.36451609000005 476 122247021895 120730452620 877
304.75161285 476 120730452620 119267067763 635
216.82666662999998 476 119267067763 118032595786 417
174.30322581000001 475 118032595786 117065185586 238
171.52333337000002 475 117065185586 116662102236 129
261.50967743 475 116662102236 117100493157 135
569.4677419 475 117100493157 118110280070 254
938.83214281 475 118110280070 119478991172 447
2323.1806447 476 119478991172 123255238046 874
3496.29 477 123255238046 128074287195 1467
3116.6806447 478 128074287195 131706776815 1555
1863.0633337 478 131706776815 131986023477 1561
792.02903229 479 131986023477 129388498547 1566
469.89354837999997 478 129388498547 125855201792 1565
321.58333337 477 125855201792 122564225869 1307
224.19354838 476 122564225869 120085260837 847
195.61333337 476 120085260837 118684237363 536
322.29354837999995 476 118684237363 118538894299 414
590.3677418999999 476 118538894299 119084973204 449
935.29642854 476 119084973204 120128631330 579
2038.2096771 476 120128631330 123051905732 908
2897.7066663 477 123051905732 126465274812 1412
3324.7580648000003 477 126465274812 130586296090 1582
2012.1133336999999 478 130586296090 131160848831 1597
806.15161285 478 131160848831 128490757519 1608
451.01612905 478 128490757519 124860014829 1583
298.19 477 124860014829 121858088429 1173
213.8322581 476 121858088429 119608952642 752
212.99333337000002 476 119608952642 118410275247 475
301.85483866 476 118410275247 118317453820 374
504.17741933 476 118317453820 118753656251 403
693.76785719 476 118753656251 119419181100 493
1066.16451609 476 119419181100 120471454877 635
2910.7966663 476 120471454877 124789778245 1077
2674.9419352 477 124789778245 127287897002 1540
1665.1733337 478 127287897002 126984829271 1592
696.25806447 477 126984829271 124302889245 1506
393.78064514 477 124302889245 121763410668 1122
275.01666663 476 121763410668 119783195587 760
179.44838715 476 119783195587 118201185401 471
155.60999999999999 475 118201185401 117369570927 278
302.74193553 475 117369570927 117647691580 236
621.62903229 475 117647691580 118577827589 336
1007.62142854 476 118577827589 119932725641 522
2537.077419 476 119932725641 124017169193 973
3355.38 477 124017169193 128339391432 1518
3613.3838715 478 128339391432 133176863933 1601
2317.73 479 133176863933 134521134113 1603
1101.9806447 479 134521134113 132607528866 1618
545.9 479 132607528866 129083853316 1634
374.34666663 478 129083853316 125109161092 1620
253.96451609000002 477 125109161092 121792866006 1186
265.39 476 121792866006 119946563098 776
464.54838715 476 119946563098 119664552065 607
613.82258067 476 119664552065 119863187272 602
783.49642854 476 119863187272 120347314685 658
1165.5548391 476 120347314685 121287076217 776
1869.6466663 476 121287076217 123103278884 1002
2124.4806447 477 123103278884 124821394605 1283
1796.99 477 124821394605 125239598049 1447
887.0903225699999 477 125239598049 123520877377 1338
462.69032257000003 477 123520877377 121407798992 1033
314.21333337000004 476 121407798992 119634823060 719
239.66451609 476 119634823060 118236951191 462
218.75 475 118236951191 117527171066 294
309.16451609 475 117527171066 117763295328 258
547.04193553 475 117763295328 118489259120 338
909.83928573 476 118489259120 119675952629 494
1421.4290324 476 119675952629 121412812201 734
2428.3 476 121412812201 124378278349 1117
3763.0193553 477 124378278349 129656640860 1589
2436.1266663 478 129656640860 131116270423 1680
1198.3548391 478 131116270423 129388515306 1648
561.33548391 478 129388515306 125859438150 1654
359.71666662999996 477 125859438150 122647788855 1315
244.13548391 476 122647788855 120182374521 862
225.42333337000002 476 120182374521 118810882341 554
325.73548390999997 476 118810882341 118628418156 431
609.35161285 476 118628418156 119184126936 464
985.7 476 119184126936 120296712363 601
2291.8129028000003 476 120296712363 123715674877 976
4449.55 477 123715674877 130695872744 1586
3880.1516134000003 478 130695872744 135949347483 1710
2453.6166663 479 135949347483 137333591368 1721
1184.2322580999999 480 137333591368 135483473349 1674
563.03870972 479 135483473349 131903908843 1669
366.46333337000004 478 131903908843 127834060088 1645
256.80322581 478 127834060088 123675229193 1500
233.89333337 477 123675229193 121109583305 1020
366.29354837999995 476 121109583305 120200586921 743
548.31935486 476 120200586921 120066069807 661
849.14285719 476 120066069807 120616093245 697
1250.4677419000002 476 120616093245 121645742532 827
1510.1299999999999 476 121645742532 122572981243 985
1515.1870972000002 476 122572981243 123138518778 1105
1240.4633337 477 123138518778 122936976491 1131
605.77419352 477 122936976491 121409030266 988
396.15806447 476 121409030266 119903039926 742
290.93 476 119903039926 118604640835 515
186.04838715 476 118604640835 117458385446 316
177.53666663 475 117458385446 116931331907 183
337.30322581 475 116931331907 117440179601 184
