466.56451609000004 477 123874072258 122263225522 1132
660.65 476 122263225522 121717267007 962
952.15483866 476 121717267007 121704576086 918
1659.9866663 476 121704576086 122930349287 1020
2699.1419352 477 122930349287 125972718913 1362
1575.67 477 125972718913 125561079671 1545
719.32258067 477 125561079671 123362504787 1350
439.62580648 477 123362504787 121255156347 1008
329.39333337 476 121255156347 119567549978 702
296.58064514 476 119567549978 118317847521 464
423.20333337 476 118317847521 118014278518 341
647.4677419 475 118014278518 118817030074 385
824.24193553 476 118817030074 119775503595 529
989.3142857299999 476 119775503595 120702727720 681
1362.1709675999998 476 120702727720 121945576816 859
2147.7633336999997 476 121945576816 124129695182 1137
1841.0354837999998 477 124129695182 124868516676 1364
1190.78 477 124868516676 123974735353 1348
602.82903229 477 123974735353 122073709536 1123
435.22580648 476 122073709536 120415727243 837
330.41999999999996 476 120415727243 119022349659 590
270.25161285 476 119022349659 117910249528 387
258.38666663000004 475 117910249528 117397986817 257
386.09354837999996 475 117397986817 117848097151 255
505.59677418999996 475 117848097151 118453569538 342
773.675 476 118453569538 119377998886 466
1221.7258067 476 119377998886 120784816986 658
1835.29 476 120784816986 122701912944 929
2337.2064514000003 476 122701912944 125026306771 1269
1562.3966663 477 125026306771 124873465219 1433
744.0903225699999 477 124873465219 122968660799 1265
447.57419352 477 122968660799 121018569368 957
336.36 476 121018569368 119428165616 671
266.34838715 476 119428165616 118162299263 440
286.91333337000003 475 118162299263 117623285679 296
433.71290324 475 117623285679 118097731147 294
635.39677419 475 118097731147 118898152250 399
1031.23214281 476 118898152250 120196136638 569
2826.0580648 476 120196136638 124821715672 1060
3411.81 477 124821715672 128841362245 1690
3811.2419351999997 478 128841362245 134329886599 1555
2567.3199999999997 479 134329886599 136460095646 1548
1281.1032257000002 479 136460095646 135208251112 1548
606.22258067 479 135208251112 132068612238 1548
405.55 479 132068612238 128350318111 1548
312.3 478 128350318111 124305914480 1512
287.24333336999996 477 124305914480 121637351533 1113
291.20967743 476 121637351533 120377529156 799
511.45161285000006 476 120377529156 120099859011 678
812.6857142700001 476 120099859011 120565564280 695
939.59354838 476 120565564280 120934367184 763
1083.84333337 476 120934367184 121202574258 814
1108.3645162 476 121202574258 121367205084 849
1088.40666663 476 121367205084 121454509227 869
577.67096771 476 121454509227 120393446437 787
387.67741933 476 120393446437 119231246857 606
280.07666663000003 476 119231246857 118143461636 423
238.67096770999999 475 118143461636 117276494822 265
227.76999999999998 475 117276494822 116919383027 167
312.14516134 475 116919383027 117377415881 178
525.89354838 475 117377415881 118194011005 283
871.45714281 475 118194011005 119399814708 447
1979.5193553 476 119399814708 122453522218 801
2226.3033337 476 122453522218 124632430789 1218
1878.1870972000002 477 124632430789 125277681034 1436
1151.0333337 477 125277681034 124160518493 1394
505.3548386599999 477 124160518493 121981382710 1130
352.8677419 476 121981382710 120176756783 809
267.83000000000004 476 120176756783 118733847327 547
209.46774190000002 476 118733847327 117592313916 338
264.43666663 475 117592313916 117203551721 216
444.07419352 475 117203551721 117849257236 240
618.75483866 475 117849257236 118701506157 363
766.28928573 476 118701506157 119529976815 498
944.56129028 476 119529976815 120277655359 627
1028.55 476 120277655359 120656154167 717
978.8838709500001 476 120656154167 120733235711 753
672.42333337 476 120733235711 120156415551 711
416.71612905 476 120156415551 119207013951 585
309.08064514 476 119207013951 118296759265 434
232.99666663 476 118296759265 117434465306 290
172.38709676 475 117434465306 116676502569 159
204.45 475 116676502569 116477979576 83
282.94193553 475 116477979576 117028744964 114
440.87419352 475 117028744964 117782833620 221
697.30357146 475 117782833620 118772118555 363
1152.1419352 476 118772118555 120241957655 565
2360.3566663 476 120241957655 123464529633 950
3241.9032257 477 123464529633 127690487658 1462
1782.5066662999998 478 127690487658 127801593432 1549
751.89677419 478 127801593432 125172887180 1541
392.64516134 477 125172887180 122326164629 1235
267.90333337 476 122326164629 120134965000 833
205.84838715 476 120134965000 118484712528 522
202.87333337 476 118484712528 117655002468 324
337.94193553 475 117655002468 117908747040 280
511.38064513999996 475 117908747040 118505308692 351
869.33571427 476 118505308692 119605393708 489
1424.8 476 119605393708 121374984021 725
1924.4266662999999 476 121374984021 123277678087 1023
1216.6612905 477 123277678087 122942887068 1142
515.56333337 477 122942887068 121265808411 977
339.29032257 476 121265808411 119751910537 718
271.14838714999996 476 119751910537 118564504621 499
204.21333337 476 118564504621 117547676585 321
153.72258067 475 117547676585 116708496386 171
159.42333337000002 475 116708496386 116403349537 80
225.35161284999998 475 116403349537 116854575813 94
349.11290324 475 116854575813 117469811773 181
486.26071427 475 117469811773 118136528457 285
728.53548391 475 118136528457 118907332781 402
1309.1966663 476 118907332781 120358246233 585
1172.8387095 476 120358246233 120964554162 749
483.84666663 476 120964554162 119906850382 708
297.6322581 476 119906850382 118786764593 530
227.85806447 476 118786764593 117849305084 364
164.28333337 475 117849305084 116996659661 219
117.03225809999999 475 116996659661 116274569289 91
128.14666663 475 116274569289 116053908604 16
234.11612905 475 116053908604 116648214642 49
372.49677419 475 116648214642 117387734063 158
511.6 475 117387734063 118132300817 278
659.51935486 475 118132300817 118753978820 389
856.1066666300001 476 118753978820 119294779377 483
950.85161285 476 119294779377 119796243172 568
518.09333337 476 119796243172 119217161669 558
313.63548391 476 119217161669 118377816412 442
236.72903229000002 476 118377816412 117605568954 311
170.18666663000002 475 117605568954 116850074878 187
119.80000000000001 475 116850074878 116186511411 72
126.45999999999998 475 116186511411 115987618494 6
217.72258067 475 115987618494 116568301776 38
402.33870972 475 116568301776 117401287340 153
732.26785719 475 117401287340 118585398255 317
954.14193553 476 118585398255 119689446484 503
1351.0700000000002 476 119689446484 120957678606 696
1593.1806447000001 476 120957678606 122267219330 906
1184.9866663 476 122267219330 122247071902 1007
498.36451609000005 476 122247071902 120730502651 877
304.75161285 476 120730502651 119267117644 635
216.82666662999998 476 119267117644 118032645485 417
174.30322581000001 475 118032645485 117065235078 238
171.52333337000002 475 117065235078 116662065299 129
261.50967743 475 116662065299 117100456202 135
569.4677419 475 117100456202 118110243081 254
938.83214281 475 118110243081 119478954151 447
2323.1806447 476 119478954151 123255201043 874
3496.29 477 123255201043 127863409544 1549
3116.6806447 478 127863409544 131485740677 1559
1863.0633337 478 131485740677 131734433296 1573
792.02903229 478 131734433296 129180325706 1550
469.89354837999997 478 129180325706 125693091202 1548
321.58333337 477 125693091202 122456855016 1286
224.19354838 476 122456855016 120016356195 833
195.61333337 476 120016356195 118639158498 527
322.29354837999995 476 118639158498 118509866390 408
590.3677418999999 476 118509866390 119066119823 445
935.29642854 476 119066119823 120116070450 576
2038.2096771 476 120116070450 123043756674 906
2897.7066663 477 123043756674 126458003883 1411
3324.7580648000003 477 126458003883 130648595633 1556
2012.1133336999999 478 130648595633 131339511808 1552
806.15161285 478 131339511808 128826823831 1549
451.01612905 478 128826823831 125296498337 1545
298.19 477 125296498337 122145270443 1230
213.8322581 476 122145270443 119793468894 790
212.99333337000002 476 119793468894 118530793807 500
301.85483866 476 118530793807 118395342815 390
504.17741933 476 118395342815 118803779958 414
693.76785719 476 118803779958 119453014588 500
1066.16451609 476 119453014588 120493436941 639
2910.7966663 476 120493436941 124803945314 1080
2674.9419352 477 124803945314 127328966827 1530
1665.1733337 478 127328966827 127137131114 1549
696.25806447 477 127137131114 124461664658 1503
393.78064514 477 124461664658 121866425363 1143
275.01666663 476 121866425363 119850644124 773
179.44838715 476 119850644124 118244300130 480
155.60999999999999 475 118244300130 117397557296 283
302.74193553 475 117397557296 117665667589 240
621.62903229 475 117665667589 118589422812 339
1007.62142854 476 118589422812 119940182558 524
2537.077419 476 119940182558 124022030876 974
3355.38 477 124022030876 128077886474 1620
3613.3838715 478 128077886474 133044433710 1553
2317.73 479 133044433710 134531411112 1548
1101.9806447 479 134531411112 132805048680 1548
545.9 479 132805048680 129510841713 1548
374.34666663 478 129510841713 125720837901 1548
253.96451609000002 477 125720837901 122190496840 1265
265.39 476 122190496840 120206113156 829
464.54838715 476 120206113156 119832284566 642
613.82258067 476 119832284566 119971250473 624
783.49642854 476 119971250473 120420211507 673
1165.5548391 476 120420211507 121334194385 785
1869.6466663 476 121334194385 123134328087 1008
2124.4806447 477 123134328087 124841405039 1287
1796.99 477 124841405039 125252571401 1450
887.0903225699999 477 125252571401 123529849491 1340
462.69032257000003 477 123529849491 121413639237 1034
314.21333337000004 476 121413639237 119638744478 720
239.66451609 476 119638744478 118239563166 463
218.75 475 118239563166 117528913207 294
309.16451609 475 117528913207 117764519839 258
547.04193553 475 117764519839 118490138892 338
909.83928573 476 118490138892 119676487368 494
1421.4290324 476 119676487368 121413173908 734
2428.3 476 121413173908 124378466703 1117
3763.0193553 477 124378466703 129820158030 1528
2436.1266663 478 129820158030 131618576057 1549
1198.3548391 478 131618576057 130157119758 1548
561.33548391 478 130157119758 126911691228 1548
359.71666662999996 477 126911691228 123405706152 1427
244.13548391 477 123405706152 120670153125 962
225.42333337000002 476 120670153125 119129018392 619
325.73548390999997 476 119129018392 118833680248 473
609.35161285 476 118833680248 119316786629 491
985.7 476 119316786629 120386103383 618
2291.8129028000003 476 120386103383 123773923651 988
4449.55 477 123773923651 130363161471 1736
3880.1516134000003 478 130363161471 136029450904 1556
2453.6166663 479 136029450904 137861541682 1548
1184.2322580999999 480 137861541682 136347432869 1548
563.03870972 479 136347432869 133089079804 1548
366.46333337000004 479 133089079804 129266051400 1548
256.80322581 478 129266051400 124993312907 1540
233.89333337 477 124993312907 121975793471 1193
366.29354837999995 476 121975793471 120760018920 858
548.31935486 476 120760018920 120426921263 735
849.14285719 476 120426921263 120859378305 745
1250.4677419000002 476 120859378305 121802781846 859
1510.1299999999999 476 121802781846 122675735760 1006
1515.1870972000002 476 122675735760 123205455794 1118
1240.4633337 477 123205455794 122981491828 1140
605.77419352 477 122981491828 121437555281 994
396.15806447 476 121437555281 119921386781 745
290.93 476 119921386781 118616365757 517
186.04838715 476 118616365757 117465751034 318
177.53666663 475 117465751034 116936175571 184
337.30322581 475 116936175571 117443210934 185
