466.56451609000004 477 123874072258 122263225522 1132
660.65 476 122263225522 121717267007 962
952.15483866 476 121717267007 121704576086 918
1659.9866663 476 121704576086 122930349287 1020
2699.1419352 477 122930349287 125993797179 1355
1575.67 477 125993797179 125697659788 1501
719.32258067 477 125697659788 123458956896 1365
439.62580648 477 123458956896 121317593092 1020
329.39333337 476 121317593092 119608282560 710
296.58064514 476 119608282560 118343927141 469
423.20333337 476 118343927141 118031487509 345
647.4677419 475 118031487509 118827852816 388
824.24193553 476 118827852816 119782532392 530
989.3142857299999 476 119782532392 120707515634 682
1362.1709675999998 476 120707515634 121948980155 860
2147.7633336999997 476 121948980155 124131796675 1138
1841.0354837999998 477 124131796675 124869750004 1365
1190.78 477 124869750004 123975534360 1348
602.82903229 477 123975534360 122074333898 1123
435.22580648 476 122074333898 120416090861 837
330.41999999999996 476 120416090861 119022539208 590
271.25161285 476 119022539208 117912507417 387
258.38666663000004 475 117912507417 117399375892 258
386.09354837999996 475 117399375892 117848881963 255
505.59677418999996 475 117848881963 118454095720 342
773.675 476 118454095720 119378352641 466
1221.7258067 476 119378352641 120785084191 658
1835.29 476 120785084191 122702006909 929
2337.2064514000003 476 122702006909 125026314128 1269
1562.3966663 477 125026314128 124873472561 1433
744.0903225699999 477 124873472561 122968668121 1265
447.57419352 477 122968668121 121018576668 957
336.36 476 121018576668 119428172889 671
267.34838715 476 119428172889 118164634404 440
286.91333337000003 475 118164634404 117624665610 296
433.71290324 475 117624665610 118098420410 294
635.39677419 475 118098420410 118898669230 399
1031.23214281 476 118898669230 120196135381 570
2826.0580648 476 120196135381 124821714417 1060
3411.81 477 124821714417 129304081759 1512
3811.2419351999997 478 129304081759 134906448517 1512
2567.3199999999997 479 134906448517 137146680418 1505
1281.1032257000002 480 137146680418 136018980043 1501
606.22258067 479 136018980043 133002771143 1501
405.55 479 133002771143 129392452568 1505
312.3 478 129392452568 125352561097 1509
287.24333336999996 477 125352561097 122326469684 1250
291.20967743 476 122326469684 120822259848 891
511.45161285000006 476 120822259848 120386881251 737
812.6857142700001 476 120386881251 120758894947 734
939.59354838 476 120758894947 121059185643 789
1083.84333337 476 121059185643 121283966859 831
1108.3645162 476 121283966859 121419559997 860
1088.40666663 476 121419559997 121488614630 876
577.67096771 476 121488614630 120415556779 791
387.67741933 476 120415556779 119245527015 609
280.07666663000003 476 119245527015 118152687306 425
239.67096770999999 475 118152687306 117284820316 266
227.76999999999998 475 117284820316 116924838783 169
312.14516134 475 116924838783 117380973184 179
525.89354838 475 117380973184 118196188439 283
871.45714281 475 118196188439 119401302755 448
1979.5193553 476 119401302755 122454577620 801
2226.3033337 476 122454577620 124633225118 1218
1878.1870972000002 477 124633225118 125278387088 1436
1151.0333337 477 125278387088 124161050340 1394
505.3548386599999 477 124161050340 121981654278 1130
352.8677419 476 121981654278 120177027540 809
267.83000000000004 476 120177027540 118734030825 547
210.46774190000002 476 118734030825 117594738323 338
264.43666663 475 117594738323 117204675448 217
444.07419352 475 117204675448 117850035797 240
618.75483866 475 117850035797 118702112487 363
766.28928573 476 118702112487 119530324385 498
944.56129028 476 119530324385 120277830005 627
1028.55 476 120277830005 120656328426 717
978.8838709500001 476 120656328426 120733323158 753
672.42333337 476 120733323158 120156416510 711
416.71612905 476 120156416510 119207014906 585
309.08064514 476 119207014906 118296760216 434
232.99666663 476 118296760216 117434466253 290
173.38709676 475 117434466253 116678486509 159
204.45 475 116678486509 116479527086 84
282.94193553 475 116479527086 117029515475 115
440.87419352 475 117029515475 117783345473 221
697.30357146 475 117783345473 118772458050 363
1152.1419352 476 118772458050 120242296971 565
2360.3566663 476 120242296971 123464781849 950
3241.9032257 477 123464781849 127755671151 1438
1782.5066662999998 478 127755671151 127985722721 1503
751.89677419 478 127985722721 125443099268 1509
392.64516134 477 125443099268 122502597843 1270
267.90333337 476 122502597843 120250206378 857
206.84838715 476 120250206378 118560937758 538
202.87333337 476 118560937758 117704707653 334
337.94193553 475 117704707653 117940761643 287
511.38064513999996 475 117940761643 118526027726 355
869.33571427 476 118526027726 119619130488 492
1424.8 476 119619130488 121383530938 727
1924.4266662999999 476 121383530938 123283444697 1024
1216.6612905 477 123283444697 122946395290 1143
515.56333337 477 122946395290 121268186388 977
339.29032257 476 121268186388 119753678453 718
271.14838714999996 476 119753678453 118565922049 499
204.21333337 476 118565922049 117548398816 321
154.72258067 475 117548398816 116711198255 171
159.42333337000002 475 116711198255 116405181272 80
225.35161284999998 475 116405181272 116855717087 94
349.11290324 475 116855717087 117470608205 181
486.26071427 475 117470608205 118136979886 285
728.53548391 475 118136979886 118907697606 402
1309.1966663 476 118907697606 120358437715 585
1172.8387095 476 120358437715 120964745124 749
483.84666663 476 120964745124 119907040872 708
297.6322581 476 119907040872 118786868269 530
227.85806447 476 118786868269 117849408450 364
164.28333337 475 117849408450 116996762643 219
118.03225809999999 475 116996762643 116276827117 91
128.14666663 475 116276827117 116054952058 17
234.11612905 475 116054952058 116648826567 49
372.49677419 475 116648826567 117388000751 158
511.6 475 117388000751 118132481284 278
659.51935486 475 118132481284 118754159191 389
856.1066666300001 476 118754159191 119294873032 483
950.85161285 476 119294873032 119796336572 568
518.09333337 476 119796336572 119217254838 558
313.63548391 476 119217254838 118377823003 442
236.72903229000002 476 118377823003 117605575526 311
170.18666663000002 475 117605575526 116850081424 187
120.80000000000001 475 116850081424 116188500441 72
126.45999999999998 475 116188500441 115989256395 6
217.72258067 475 115989256395 116569335663 38
402.33870972 475 116569335663 117401976344 153
732.26785719 475 117401976344 118585828612 317
954.14193553 476 118585828612 119689703852 504
1351.0700000000002 476 119689703852 120957762631 696
1593.1806447000001 476 120957762631 122267216834 906
1184.9866663 476 122267216834 122247069410 1007
498.36451609000005 476 122247069410 120730500164 877
304.75161285 476 120730500164 119267115168 635
216.82666662999998 476 119267115168 118032643015 417
175.30322581000001 475 118032643015 117067301910 239
171.52333337000002 475 117067301910 116663436418 129
261.50967743 475 116663436418 117101655191 135
569.4677419 475 117101655191 118111010877 254
938.83214281 475 118111010877 119479549734 448
2323.1806447 476 119479549734 123255709950 874
3496.29 477 123255709950 128140389385 1442
3116.6806447 478 128140389385 131879711926 1515
1863.0633337 478 131879711926 132288011470 1511
792.02903229 479 132288011470 129761981884 1539
469.89354837999997 478 129761981884 126224948706 1566
321.58333337 477 126224948706 122811133097 1354
225.19354838 477 122811133097 120246136982 880
195.61333337 476 120246136982 118789117095 557
322.29354837999995 476 118789117095 118606494449 428
590.3677418999999 476 118606494449 119128602395 458
935.29642854 476 119128602395 120157952310 585
2038.2096771 476 120157952310 123070673379 912
2897.7066663 477 123070673379 126548189560 1387
3324.7580648000003 477 126548189560 130883002638 1502
2012.1133336999999 478 130883002638 131702826637 1502
806.15161285 478 131702826637 129298937393 1508
451.01612905 478 129298937393 125883910055 1502
298.19 477 125883910055 122539538694 1304
214.8322581 476 122539538694 120049106698 842
212.99333337000002 476 120049106698 118697221543 534
301.85483866 476 118697221543 118502571937 412
504.17741933 476 118502571937 118873069538 428
693.76785719 476 118873069538 119499635321 509
1066.16451609 476 119499635321 120523621531 645
2910.7966663 476 120523621531 124823708410 1084
2674.9419352 477 124823708410 127435783588 1497
1665.1733337 478 127435783588 127344671570 1510
696.25806447 478 127344671570 124660798312 1506
393.78064514 477 124660798312 121995706189 1169
275.01666663 476 121995706189 119934861422 790
180.44838715 476 119934861422 118300751935 491
155.60999999999999 476 118300751935 117434617211 291
302.74193553 475 117434617211 117689524264 245
621.62903229 475 117689524264 118604742916 342
1007.62142854 476 118604742916 119950589884 526
2537.077419 476 119950589884 124028891334 975
3355.38 477 124028891334 128480867406 1468
3613.3838715 478 128480867406 133585484609 1501
2317.73 479 133585484609 135192894990 1501
1101.9806447 479 135192894990 133590664221 1501
545.9 479 133590664221 130419950859 1501
374.34666663 478 130419950859 126745758129 1502
254.96451609000002 477 126745758129 122919072235 1376
265.39 477 122919072235 120681571721 926
464.54838715 476 120681571721 120139122678 705
613.82258067 476 120139122678 120169443413 665
783.49642854 476 120169443413 120553673609 700
1165.5548391 476 120553673609 121420078943 803
1869.6466663 476 121420078943 123190423535 1020
2124.4806447 477 123190423535 124878199552 1294
1796.99 477 124878199552 125277111469 1454
887.0903225699999 477 125277111469 123545613519 1343
462.69032257000003 477 123545613519 121423749125 1036
314.21333337000004 476 121423749125 119645195096 721
240.66451609 476 119645195096 118245900883 464
218.75 475 118245900883 117532990625 295
309.16451609 475 117532990625 117766957418 259
547.04193553 475 117766957418 118491973552 338
909.83928573 476 118491973552 119677891564 494
1421.4290324 476 119677891564 121414145433 734
2428.3 476 121414145433 124379177164 1117
3763.0193553 477 124379177164 129826822806 1526
2436.1266663 478 129826822806 131713254017 1515
1198.3548391 478 131713254017 130254242062 1547
561.33548391 478 130254242062 126735716855 1650
359.71666662999996 477 126735716855 123251298278 1419
245.13548391 477 123251298278 120572765546 941
225.42333337000002 476 120572765546 119065369274 606
325.73548390999997 476 119065369274 118792467635 465
609.35161285 476 118792467635 119290059818 486
985.7 476 119290059818 120368168404 615
2291.8129028000003 476 120368168404 123761871644 986
4449.55 477 123761871644 130991332194 1489
3880.1516134000003 478 130991332194 136698815143 1540
2453.6166663 480 136698815143 138607340786 1518
1184.2322580999999 480 138607340786 137024918366 1573
563.03870972 480 137024918366 133419634123 1677
366.46333337000004 479 133419634123 129406548805 1621
257.80322581 478 129406548805 125014637386 1586
233.89333337 477 125014637386 121989901003 1196
366.29354837999995 476 121989901003 120768948496 860
548.31935486 476 120768948496 120432919814 737
849.14285719 476 120432919814 120863307878 746
1250.4677419000002 476 120863307878 121805154546 860
1510.1299999999999 476 121805154546 122676808649 1007
1515.1870972000002 476 122676808649 123206008201 1118
1240.4633337 477 123206008201 122981783875 1140
605.77419352 477 122981783875 121437846584 994
396.15806447 476 121437846584 119921591015 745
290.93 476 119921591015 118616569229 517
187.04838715 476 118616569229 117468022466 318
177.53666663 475 117468022466 116937750629 184
337.30322581 475 116937750629 117444095451 185
